5.103057523503133019e+00
5.176994483234879318e+00
1.193181269245363119e+01
1.583058908834140688e+01
2.029402649546309689e+01
2.606955381965628504e+01
3.395886843156583268e+01
4.322839232335417847e+01
5.293378830422071246e+01
6.340451621979964614e+01
7.548582535041367692e+01
8.893244591406187283e+01
1.029353382699962935e+02
1.175943361887192680e+02
1.335723524260039028e+02
1.507363037050464527e+02
1.684134851642846797e+02
1.866394785819200308e+02
2.059527500256777444e+02
2.262371396326598187e+02
2.469043460692818996e+02
2.679777506890466725e+02
2.899170801601478615e+02
3.125941375010607999e+02
3.354718357697573197e+02
3.585820054259390304e+02
3.823351369380244478e+02
4.065798183889454549e+02
4.308098189550390202e+02
4.550772898957151824e+02
4.797638471264141913e+02
5.046884642201395081e+02
5.293623842004142261e+02
5.538683520006925391e+02
5.785749936815398087e+02
6.032658252676520760e+02
6.274594453752115442e+02
6.512808544377462567e+02
6.751034821408923108e+02
6.986704883932038683e+02
7.214923970446998283e+02
7.437536473257998750e+02
7.658782147842238146e+02
7.875568861590598999e+02
8.082340843323238460e+02
8.282365687608676126e+02
8.481354539554168923e+02
8.673585262780563880e+02
8.854022489693804800e+02
9.032065843807713463e+02
9.203280334545338519e+02
9.361765922635412380e+02
9.526406133114458044e+02
9.657751649765091315e+02
9.765275222265744333e+02
9.839485400218890163e+02
9.877540065799984177e+02
9.949946341944805681e+02
1.002715799094107183e+03
1.008035723973012182e+03
1.012437378807390132e+03
1.018124940833091841e+03
1.022290824852097899e+03
1.024277202143453451e+03
