-8.593322179662109761e+00
-4.600387497565705530e+00
9.880576427472428369e-01
5.968127076729444980e+00
1.014630548068318561e+01
1.629458096805814193e+01
2.463373153971631879e+01
3.327659279740560549e+01
4.256797088770147752e+01
5.368201548162578973e+01
6.611308198139954584e+01
7.895179904516574254e+01
9.266215334350803801e+01
1.078910069911367913e+02
1.241109568129753598e+02
1.407408733526667959e+02
1.582177030793822894e+02
1.769486449179918566e+02
1.964262664619153895e+02
2.162299947589667681e+02
2.367634520855184803e+02
2.582984787613718254e+02
2.803443520744911552e+02
3.025749714859783808e+02
3.253703026667013205e+02
3.489155402293185375e+02
3.727287523632808188e+02
3.965466739814254993e+02
4.207373379015512000e+02
4.454262530984589148e+02
4.701322421679602712e+02
4.946380125391563638e+02
5.193118404885914288e+02
5.442366828513012251e+02
5.689239424275414194e+02
5.931923288851105553e+02
6.174241334683464402e+02
6.416742154264576357e+02
6.654371104942241573e+02
6.885576723058354673e+02
7.114554519489443010e+02
7.341838142211043987e+02
7.561974293185019178e+02
7.773432851511660147e+02
7.981536443885594281e+02
8.187278963866397135e+02
8.383624461476318857e+02
8.569788383060414390e+02
8.754137650180305172e+02
8.933484279268986938e+02
9.100668508904064993e+02
9.269381034976372575e+02
9.424578734579698676e+02
9.559355751995537958e+02
9.694919826892687524e+02
9.768177061191757957e+02
9.844575280864095248e+02
9.892018737961415127e+02
9.894120094216848429e+02
9.922955728570080964e+02
9.974426292936663003e+02
1.003304138213363899e+03
1.007560838453209954e+03
1.018561870565816093e+03
