3.333308331066559882e-13
1.884731671725804747e-02
1.283308121125171786e-01
3.667388029537614336e-01
7.327402453805035298e-01
1.201845072446904528e+00
1.739215629108067596e+00
2.308671464729928680e+00
2.878230628611294417e+00
3.422849355620730005e+00
3.925142542363642129e+00
4.374828868230324019e+00
4.767510135726485743e+00
5.103224981453968745e+00
5.385055789605019072e+00
5.617937401500700645e+00
5.807723811094702704e+00
5.960511257070323587e+00
6.082185319104072008e+00
6.178147408090593373e+00
6.253175194634614797e+00
6.311376675053844920e+00
6.356205151610143211e+00
6.390510267682047107e+00
6.416607278911445000e+00
6.436352508764830560e+00
6.451217367393433655e+00
6.462356539060304605e+00
6.470668177866564008e+00
6.476845418311100389e+00
6.481419408953642325e+00
6.484794581597466134e+00
6.487277105239910746e+00
6.489097540185174928e+00
6.490428671934013849e+00
6.491399413761927306e+00
6.492105552045522643e+00
6.492617988525010375e+00
6.492989019869965794e+00
6.493257092845684753e+00
6.493450385329254892e+00
6.493589489593986741e+00
6.493689413706264624e+00
6.493761068035886375e+00
6.493812365054488112e+00
6.493849030099226205e+00
6.493875197066321547e+00
6.493893844724412112e+00
6.493907115361802873e+00
6.493916546866829620e+00
6.493923241327083318e+00
6.493927987217236186e+00
6.493931347750790728e+00
6.493933724628931259e+00
6.493935403944421481e+00
6.493936589172431439e+00
6.493937424837673333e+00
6.493938013463457892e+00
6.493938427689693427e+00
6.493938718923239151e+00
6.493938923503651317e+00
6.493939067091694106e+00
6.493939167788602695e+00
6.493939238350322718e+00
6.493939287757300782e+00
6.493939322326073516e+00
6.493939346495491094e+00
6.493939363382172480e+00
6.493939375172547379e+00
6.493939383399226273e+00
6.493939389135683804e+00
6.493939393133222104e+00
6.493939395917289303e+00
6.493939397855099216e+00
6.493939399203113361e+00
6.493939400140322782e+00
6.493939400791568062e+00
6.493939401243862264e+00
6.493939401557826230e+00
6.493939401775655540e+00
6.493939401926713373e+00
6.493939402031416286e+00
6.493939402103958258e+00
6.493939402154192742e+00
6.493939402188964927e+00
6.493939402213023904e+00
6.493939402229664815e+00
6.493939402241168501e+00
6.493939402249117698e+00
6.493939402254609305e+00
6.493939402258400051e+00
6.493939402261018401e+00
6.493939402262824068e+00
6.493939402264068406e+00
6.493939402264928162e+00
6.493939402265519689e+00
6.493939402265928251e+00
6.493939402266208916e+00
6.493939402266403427e+00
6.493939402266535765e+00
