2.499805003433671121e-12
1.325711345827710937e-05
4.244309141827462952e-05
7.545392088263059183e-05
1.046612469140206894e-04
1.260775186052915157e-04
1.384097411249338660e-04
1.421424748822937214e-04
1.387536345855361960e-04
1.301167244503658794e-04
1.180972713496376424e-04
1.043193336282964865e-04
9.006229392171020520e-05
7.624565508853200330e-05
6.346519626545533402e-05
5.205291711974891443e-05
4.214244878698139064e-05
3.372932346465928844e-05
2.672111082773782271e-05
2.097606625915308883e-05
1.633100675058389383e-05
1.262010456992963946e-05
9.686573202730858697e-06
7.389119454997890956e-06
5.604755333496545716e-06
4.229229003111310674e-06
3.176014474022172304e-06
2.374526379872140660e-06
1.768008876736437827e-06
1.311384068701497937e-06
9.692277989655493840e-07
7.139598576663321589e-07
5.242827351275375939e-07
3.838703367355797798e-07
2.802894433355695936e-07
2.041274833135500412e-07
1.482969718737929896e-07
1.074873710802570177e-07
7.773750343368722314e-08
5.610495050798439484e-08
4.041242638319865325e-08
2.905454874463602029e-08
2.085153667836701006e-08
1.493905783648979641e-08
1.068571365803230366e-08
7.631514222269838636e-09
5.442198231769837974e-09
3.875449940509040780e-09
2.756004835955773828e-09
1.957366800306467984e-09
1.388422725990311888e-09
9.836712079653093895e-10
6.961089227380928716e-10
4.920650547716933254e-10
3.474593044642975831e-10
2.450972806616093420e-10
1.727198567039559497e-10
1.215991458159095170e-10
8.552985037946175662e-11
6.010596109648694891e-11
4.220297302165270378e-11
2.960783069724977943e-11
2.075486653781881150e-11
1.453765378208683851e-11
1.017514006504353458e-11
7.116531051229619702e-12
4.973795136399731536e-12
3.473827958311330637e-12
2.424590787948884344e-12
1.691168195157321514e-12
1.178857934533740328e-12
8.212402385606214203e-13
5.717688479793986403e-13
3.978500431771832229e-13
2.766774851795195799e-13
1.923048706775236950e-13
1.335903558490644544e-13
9.275436220058347894e-14
6.436856335939627632e-14
4.464770338238739395e-14
3.095391998312432572e-14
2.145006424887576488e-14
1.485740444521009139e-14
1.028640253500211376e-14
7.118605861724614689e-15
4.924268439263869051e-15
3.404929710427058473e-15
2.353414425709900373e-15
1.625984972095665535e-15
1.122965437626209872e-15
7.752678218700894111e-16
5.350277019519673424e-16
3.690994830776522891e-16
2.545403663316783856e-16
1.754766138786314738e-16
1.209300874711645541e-16
8.331153147538976309e-17
5.737655785933965019e-17
3.950257302485233300e-17
2.718820977903729907e-17
