8.665746694423824857e-12
2.652007969745196316e-05
8.489428069439583133e-05
1.509157731595611143e-04
2.093288593511329499e-04
2.521592229250015473e-04
2.768214238891553961e-04
2.842849189427610690e-04
2.775057011906081742e-04
2.602308193157563195e-04
2.361912899292407334e-04
2.086351527023691792e-04
1.801210829107653764e-04
1.524880002063127714e-04
1.269273896283652835e-04
1.041031933703446280e-04
8.428263241928858585e-05
6.745674366469934591e-05
5.344064994010987277e-05
4.195085367035149325e-05
3.266098619295534499e-05
2.523939308853687620e-05
1.937250454460702191e-05
1.477773847722680378e-05
1.120912356017067617e-05
8.458160679052221227e-06
6.351802041573566665e-06
4.748880605454404610e-06
3.535887836764813389e-06
2.622670575853289966e-06
1.938382664533851567e-06
1.427865420743128100e-06
1.048525207738400188e-06
7.677109241274798353e-07
5.605569792264071270e-07
4.082388846588709139e-07
2.965821729481409577e-07
2.149661506373853665e-07
1.554687522183142993e-07
1.122053587846205615e-07
8.082156176155231754e-08
5.810671826530574884e-08
4.170135687230130821e-08
2.987687975840302080e-08
2.137053908924941837e-08
1.526239122983794349e-08
1.088394009997440950e-08
7.750573568588003963e-09
5.511776709631704234e-09
3.914567528518689525e-09
2.776727230998772666e-09
1.967258372202661270e-09
1.392158175855943663e-09
9.840877977595126364e-10
6.948886413953272453e-10
4.901733609995492839e-10
3.454247319220200285e-10
2.431877160034963008e-10
1.710522429139801463e-10
1.202066681639921302e-10
8.440224811296489557e-11
5.921306107603767096e-11
4.150790619755758810e-11
2.907402517226461136e-11
2.034938068951799058e-11
1.423243176024972782e-11
9.947148861271653177e-12
6.947347040073648666e-12
4.848965597502494921e-12
3.382185476342608205e-12
2.357610490673309558e-12
1.642406943577160771e-12
1.143486416948201868e-12
7.956643490286859438e-13
5.533300794676660707e-13
3.845924151989108665e-13
2.671686581625474410e-13
1.855003436309669112e-13
1.287313027749859431e-13
8.929136174692525365e-14
6.190503194917883809e-14
4.289818017519722076e-14
2.971345772244470150e-14
2.057186847778317367e-14
1.423656280575719981e-14
9.848087480143456634e-15
6.809548334472869621e-15
4.706613601649252873e-15
3.251821069442119795e-15
2.245827950383681458e-15
1.550464515073027151e-15
1.070006268097911885e-15
7.381650361113105895e-16
5.090573115565220846e-16
3.509370666665589622e-16
2.418490274375154646e-16
1.666153763948393764e-16
1.147478174216097721e-16
7.900149519651038290e-17
5.437390472565976186e-17
