5.772870594360530738e-01
5.938215121820471509e-01
1.265143149798889866e+00
1.774762218109110057e+00
2.350725630176166980e+00
3.057822958019360549e+00
3.998560094736722803e+00
5.115218820972797786e+00
6.302174366627498969e+00
7.580151452033752513e+00
9.037563023299847842e+00
1.065881301696017580e+01
1.235991635519597409e+01
1.414306396250989728e+01
1.607513359402671682e+01
1.814776974387200426e+01
2.029196670005626046e+01
2.250573417016827094e+01
2.484265877700329739e+01
2.729416400456888070e+01
2.979987456634675524e+01
3.235764033000779705e+01
3.501288870714640211e+01
3.775482629642537802e+01
4.052813367003560785e+01
4.333202898260279312e+01
4.620692879527197761e+01
4.913916730298234370e+01
5.207638143300275146e+01
5.502007711503594578e+01
5.800781398666029531e+01
6.102270290678718823e+01
6.401397902272489659e+01
6.698630935431529565e+01
6.997609638889898065e+01
7.296287169923220972e+01
7.589644541143304934e+01
7.878570403354402174e+01
8.166781758939269764e+01
8.451853066487038291e+01
8.728671889471934264e+01
8.998705853923732434e+01
9.266233167736011467e+01
9.528397634346821121e+01
9.779412499018708615e+01
1.002209265392134938e+02
1.026236715721307036e+02
1.049497078772865422e+02
1.071428271509438304e+02
1.092947919286349503e+02
1.113712159797892554e+02
1.132982782642787214e+02
1.152699511904188512e+02
1.168965782273791234e+02
1.182007992222273032e+02
1.191282355975301499e+02
1.196074798956598215e+02
1.204222691195015926e+02
1.213085458567313566e+02
1.219500406630752565e+02
1.224803616623609201e+02
1.231405678659164096e+02
1.236983717588258429e+02
1.239425003166521577e+02
