-8.376745776651161046e-01
-3.821688974257360649e-01
2.356261013648741909e-01
7.850600349952024937e-01
1.308459778375240301e+00
2.082931698445194435e+00
3.077805025064696220e+00
4.118500784807306303e+00
5.259633600695800659e+00
6.608986535603843748e+00
8.103775399825151382e+00
9.659937508310743937e+00
1.133037931010892940e+01
1.317336791300090049e+01
1.513053572509442368e+01
1.714769771622690087e+01
1.927126690860043468e+01
2.153710265400912860e+01
2.389087656416227290e+01
2.629304699234233311e+01
2.878509566779769102e+01
3.139007978632482576e+01
3.405618949268355067e+01
3.675256475341122098e+01
3.951749177589081086e+01
4.236571390813151083e+01
4.524672114739605178e+01
4.813552592957607601e+01
5.106874538248045070e+01
5.405530310814760497e+01
5.704501295520633164e+01
6.001731773427287919e+01
6.300858447082747915e+01
6.602350179289992127e+01
6.901132166322776129e+01
7.195513431639027147e+01
7.489258450146014923e+01
7.782547199031276364e+01
8.070152066811739644e+01
8.350675630200431954e+01
8.628265161668521444e+01
8.903067668132814561e+01
9.169467903335008430e+01
9.426184593100173004e+01
9.678556882723297861e+01
9.927116022906417925e+01
1.016468544184225777e+02
1.039101619477882963e+02
1.061444140256502493e+02
1.083098094786653718e+02
1.103426855924428338e+02
1.123795333897332114e+02
1.142488094906525191e+02
1.159081356253999360e+02
1.175038881140171299e+02
1.184035391430087714e+02
1.192980666870622599e+02
1.198398695777788703e+02
1.199687052410611727e+02
1.203665981211764375e+02
1.209919101941713535e+02
1.216723582468591331e+02
1.221860922706715655e+02
1.233962019942805171e+02
